0 0.561081 0.557257 0.0224515 0.0387405
0 0.465969 0.609446 0.021691 0.0398919
0 0.880892 0.713862 0.0229789 0.0446555
0 0.561741 0.610538 0.0227256 0.0419958
0 0.464675 0.659548 0.0217586 0.0372967
0 0.939302 0.814952 0.0228001 0.0411852
0 0.888377 0.192326 0.0231826 0.0364309
0 0.784599 0.66253 0.0257887 0.0441011
0 0.363693 0.865929 0.0235832 0.0403191
0 0.561055 0.713919 0.0232539 0.0434355
0 0.363312 0.660629 0.0237125 0.0418413
0 0.46481 0.71095 0.0221116 0.0374398
0 0.658777 0.765182 0.0216474 0.0428729
0 0.689052 0.55966 0.0236964 0.0444773
0 0.592249 0.662621 0.0234272 0.0448715
0 0.658551 0.816331 0.0231391 0.0424779
0 0.561237 0.765652 0.0249176 0.0437824
0 0.466462 0.502592 0.0229262 0.0350179
0 0.562523 0.867704 0.0225587 0.0425615
0 0.785955 0.55918 0.0240928 0.0438085
0 0.561081 0.557257 0.0224515 0.0387405
0 0.465969 0.609446 0.021691 0.0398919
0 0.880892 0.713862 0.0229789 0.0446555
0 0.561741 0.610538 0.0227256 0.0419958
0 0.464675 0.659548 0.0217586 0.0372967
0 0.939302 0.814952 0.0228001 0.0411852
0 0.888377 0.192326 0.0231826 0.0364309
0 0.784599 0.66253 0.0257887 0.0441011
0 0.363693 0.865929 0.0235832 0.0403191
0 0.561055 0.713919 0.0232539 0.0434355
0 0.363312 0.660629 0.0237125 0.0418413
0 0.46481 0.71095 0.0221116 0.0374398
0 0.658777 0.765182 0.0216474 0.0428729
0 0.689052 0.55966 0.0236964 0.0444773
0 0.592249 0.662621 0.0234272 0.0448715
0 0.658551 0.816331 0.0231391 0.0424779
0 0.561237 0.765652 0.0249176 0.0437824
0 0.466462 0.502592 0.0229262 0.0350179
0 0.562523 0.867704 0.0225587 0.0425615
0 0.785955 0.55918 0.0240928 0.0438085
